object: ship3
matrix: [-0.3616989851, 0.0520828999579, -0.930840015411, 0,  0.0210694000125, 0.998642027378, 0.0476896986365, 0,  0.932057023048, -0.00236293999478, -0.362304985523, 0,  -886.416015625, 531.213989258, -3806.91992188, 1]
id: 1007
company: Punkrocker
waypoint1: [-1952.61,536.214,-3096.9]
waypoint2: [-2694.4,700.214,-2145.29]
waypoint3: [-1287.08,616.214,-753.802]
waypoint4: [-699.611,625.714,553.472]

object: ship3
matrix: [-0.625858008862, -0.00162585999351, -0.779936015606, 0,  -0.0099979499355, 0.999934017658, 0.00593838980421, 0,  0.779874026775, 0.011514400132, -0.625831007957, 0,  -849.34197998, 531.213989258, -3789.30004883, 1]
id: 1008
company: Punkrocker
waypoint1: [-1972.61,536.214,-3096.9]
waypoint2: [-2694.4,700.214,-2100.29]
waypoint3: [-1287.08,616.214,-783.802]
waypoint4: [-699.611,625.714,500.472]

object: shipX
matrix: [0.254078000784, -0.018269199878, -0.967010974884, 0,  0.0362083017826, 0.999300003052, -0.00936563033611, 0,  0.966506004333, -0.0326342992485, 0.254561990499, 0,  3486.12988281, 744.052001953, 206.421005249, 1]
id: 1009
company: Punkrocker
waypoint1: [12.0761,744.052,-146.821]
waypoint2: [-2490.91,526.052,-3044.58]

object: shipX
matrix: [0.301710009575, 0.0268335007131, -0.953022003174, 0,  -0.0454484000802, 0.998871982098, 0.0137363001704, 0,  0.952315986156, 0.0391689985991, 0.302588999271, 0,  3532.32006836, 744.052001953, 257.140991211, 1]
id: 1010
company: Punkrocker
waypoint1: [30.0761,744.052,-146.821]
waypoint2: [-2400.91,526.052,-3044.58]

