object: building2
matrix: [1, 0, 0, 0,  0, 1, 0, 0,  0, 0, 1, 0,  -597.065979004, 516.137023926, 3617.91992188, 1]
id: 1025
company: Slick

object: building3
matrix: [1, 0, 0, 0,  0, 1, 0, 0,  0, 0, 1, 0,  -596.50402832, 516.815002441, 3603.40991211, 1]
id: 1026
company: Slick

object: ammobox
matrix: [1, 0, 0, 0,  0, 1, 0, 0,  0, 0, 1, 0,  697.489013672, 470.62298584, 2657.5, 1]
id: 1027
company: Horny

object: ammobox
matrix: [1, 0, 0, 0,  0, 1, 0, 0,  0, 0, 1, 0,  700.15802002, 470.259002686, 2657.52001953, 1]
id: 1028
company: Horny

object: tower
matrix: [1, 0, 0, 0,  0, 1, 0, 0,  0, 0, 1, 0,  1044.66003418, 481.242004395, 2189.86010742, 1]
id: 1029
company: Horny

object: building2
matrix: [1, 0, 0, 0,  0, 1, 0, 0,  0, 0, 1, 0,  2223.33007812, 487.45098877, 3008.23999023, 1]
id: 1030
company: Horny

object: ammobox
matrix: [1, 0, 0, 0,  0, 1, 0, 0,  0, 0, 1, 0,  2238.44995117, 488.660003662, 3017.2199707, 1]
id: 1031
company: Horny

object: ammobox
matrix: [1, 0, 0, 0,  0, 1, 0, 0,  0, 0, 1, 0,  2237.45996094, 488.608001709, 3018.22998047, 1]
id: 1032
company: Horny

object: base
matrix: [0.141051992774, -0.0195160992444, -0.989809989929, 0,  -0.0291687995195, 0.99929100275, -0.0238595996052, 0,  0.989573001862, 0.0322371013463, 0.140383005142, 0,  4089.69995117, 493.069000244, 3235.83007812, 1]
id: 1033
company: Slick

object: tower
matrix: [1, 0, 0, 0,  0, 1, 0, 0,  0, 0, 1, 0,  4026.48999023, 490.661987305, 3288.58007812, 1]
id: 1034
company: Slick

object: tower
matrix: [0.141051992774, -0.0195160992444, -0.989809989929, 0,  -0.0291687995195, 0.99929100275, -0.0238595996052, 0,  0.989573001862, 0.0322371013463, 0.140383005142, 0,  4029.10009766, 492.109985352, 3254.70996094, 1]
id: 1035
company: Slick

object: wall
matrix: [1, 0, 0, 0,  0, 1, 0, 0,  0, 0, 1, 0,  4036.32006836, 490.875, 3288.62011719, 1]
id: 1036
company: Slick

object: tower
matrix: [1, 0, 0, 0,  0, 1, 0, 0,  0, 0, 1, 0,  4045.81005859, 491.075012207, 3288.84008789, 1]
id: 1037
company: Slick

object: wall
matrix: [1, 0, 0, 0,  0, 1, 0, 0,  0, 0, 1, 0,  4054.91992188, 491.294006348, 3288.36010742, 1]
id: 1038
company: Slick

object: wall
matrix: [1, 0, 0, 0,  0, 1, 0, 0,  0, 0, 1, 0,  4093.2199707, 492.062988281, 3286.85009766, 1]
id: 1039
company: Slick

object: wall
matrix: [1, 0, 0, 0,  0, 1, 0, 0,  0, 0, 1, 0,  4074.5300293, 491.742004395, 3287.94995117, 1]
id: 1040
company: Slick

object: tower
matrix: [1, 0, 0, 0,  0, 1, 0, 0,  0, 0, 1, 0,  4064.5300293, 491.527008057, 3287.83007812, 1]
id: 1041
company: Slick

object: tower
matrix: [1, 0, 0, 0,  0, 1, 0, 0,  0, 0, 1, 0,  4083.7800293, 491.993011475, 3286.79003906, 1]
id: 1042
company: Slick

object: tower
matrix: [1, 0, 0, 0,  0, 1, 0, 0,  0, 0, 1, 0,  4102.83007812, 491.889007568, 3286.10009766, 1]
id: 1043
company: Slick

object: wall
matrix: [1, 0, 0, 0,  0, 1, 0, 0,  0, 0, 1, 0,  4112.39013672, 491.934997559, 3285.5300293, 1]
id: 1044
company: Slick

object: tower
matrix: [1, 0, 0, 0,  0, 1, 0, 0,  0, 0, 1, 0,  4121.00976562, 492.040985107, 3285.37011719, 1]
id: 1045
company: Slick

object: wall
matrix: [0.0552466996014, -0.000399987999117, -0.998472988605, 0,  -0.0399069003761, 0.999200999737, -0.00260840007104, 0,  0.997675001621, 0.0399900004268, 0.0551867000759, 0,  4027.61010742, 491.010986328, 3280.67993164, 1]
id: 1046
company: Slick

object: tower
matrix: [1, 0, 0, 0,  0, 1, 0, 0,  0, 0, 1, 0,  4026.73999023, 491.410003662, 3270.47998047, 1]
id: 1047
company: Slick

object: wall
matrix: [0.141051992774, -0.0195160992444, -0.989809989929, 0,  -0.0291687995195, 0.99929100275, -0.0238595996052, 0,  0.989573001862, 0.0322371013463, 0.140383005142, 0,  4027.59008789, 490.799987793, 3261.44995117, 1]
id: 1048
company: Slick

object: wall
matrix: [0.141051992774, -0.0195160992444, -0.989809989929, 0,  -0.0291687995195, 0.99929100275, -0.0238595996052, 0,  0.989573001862, 0.0322371013463, 0.140383005142, 0,  4029.77001953, 490.993988037, 3245.7199707, 1]
id: 1049
company: Slick

object: wall
matrix: [0.141051992774, -0.0195160992444, -0.989809989929, 0,  -0.0291687995195, 0.99929100275, -0.0238595996052, 0,  0.989573001862, 0.0322371013463, 0.140383005142, 0,  4035.23999023, 492.066009521, 3208.87988281, 1]
id: 1050
company: Slick

object: tower
matrix: [1, 0, 0, 0,  0, 1, 0, 0,  0, 0, 1, 0,  4035.62988281, 492.714996338, 3201.33007812, 1]
id: 1051
company: Slick

object: wall
matrix: [1, 0, 0, 0,  0, 1, 0, 0,  0, 0, 1, 0,  4044.7199707, 492.221008301, 3201.32006836, 1]
id: 1052
company: Slick

object: wall
matrix: [1, 0, 0, 0,  0, 1, 0, 0,  0, 0, 1, 0,  4064.61010742, 492.239013672, 3201.06005859, 1]
id: 1053
company: Slick

object: wall
matrix: [1, 0, 0, 0,  0, 1, 0, 0,  0, 0, 1, 0,  4083.33007812, 492.246002197, 3201.37011719, 1]
id: 1054
company: Slick

object: tower
matrix: [1, 0, 0, 0,  0, 1, 0, 0,  0, 0, 1, 0,  4055.09008789, 492.712005615, 3202.15991211, 1]
id: 1055
company: Slick

object: tower
matrix: [1, 0, 0, 0,  0, 1, 0, 0,  0, 0, 1, 0,  4074.01000977, 493.247009277, 3201, 1]
id: 1056
company: Slick

object: tower
matrix: [1, 0, 0, 0,  0, 1, 0, 0,  0, 0, 1, 0,  4093.25, 493.266998291, 3200.61010742, 1]
id: 1057
company: Slick

object: tower
matrix: [1, 0, 0, 0,  0, 1, 0, 0,  0, 0, 1, 0,  4110.81982422, 492.535003662, 3199.41992188, 1]
id: 1058
company: Slick

object: wall
matrix: [1, 0, 0, 0,  0, 1, 0, 0,  0, 0, 1, 0,  4102.04980469, 492.535003662, 3199.83007812, 1]
id: 1059
company: Slick

object: building1
matrix: [1, 0, 0, 0,  0, 1, 0, 0,  0, 0, 1, 0,  4047.0300293, 491.756011963, 3260.76000977, 1]
id: 1060
company: Slick

object: building1
matrix: [1, 0, 0, 0,  0, 1, 0, 0,  0, 0, 1, 0,  4066.42993164, 492.04800415, 3261.44995117, 1]
id: 1061
company: Slick

object: base
matrix: [1, 0, 0, 0,  0, 1, 0, 0,  0, 0, 1, 0,  -2250.30004883, 422.121002197, -2926.75, 1]
id: 1062
company: Punkrocker

object: building2
matrix: [1, 0, 0, 0,  0, 1, 0, 0,  0, 0, 1, 0,  -2249.2800293, 428.020996094, -2986.13989258, 1]
id: 1063
company: Punkrocker

object: building2
matrix: [1, 0, 0, 0,  0, 1, 0, 0,  0, 0, 1, 0,  -2249.72998047, 429.441009521, -3000.31005859, 1]
id: 1064
company: Punkrocker

object: building3
matrix: [1, 0, 0, 0,  0, 1, 0, 0,  0, 0, 1, 0,  -2213.02001953, 425.341003418, -2977.37988281, 1]
id: 1065
company: Punkrocker

object: building3
matrix: [1, 0, 0, 0,  0, 1, 0, 0,  0, 0, 1, 0,  -2213.27001953, 424.820007324, -2964.26000977, 1]
id: 1066
company: Punkrocker

object: ammobox
matrix: [1, 0, 0, 0,  0, 1, 0, 0,  0, 0, 1, 0,  -2244.51000977, 429.640991211, -2965.64990234, 1]
id: 1067
company: Punkrocker

object: ammobox
matrix: [1, 0, 0, 0,  0, 1, 0, 0,  0, 0, 1, 0,  -2244.45996094, 429.417999268, -2963.40991211, 1]
id: 1068
company: Punkrocker

object: ammobox
matrix: [1, 0, 0, 0,  0, 1, 0, 0,  0, 0, 1, 0,  -2248.55004883, 430.040008545, -2966.44995117, 1]
id: 1069
company: Punkrocker

object: ammobox
matrix: [1, 0, 0, 0,  0, 1, 0, 0,  0, 0, 1, 0,  -2248.36010742, 429.800994873, -2964.14990234, 1]
id: 1070
company: Punkrocker

object: building1
matrix: [1, 0, 0, 0,  0, 1, 0, 0,  0, 0, 1, 0,  3770.84008789, 466.114990234, -983.24597168, 1]
id: 1071
company: Village

object: building1
matrix: [1, 0, 0, 0,  0, 1, 0, 0,  0, 0, 1, 0,  3750.29003906, 464.467987061, -984.148010254, 1]
id: 1072
company: Village

object: building1
matrix: [1, 0, 0, 0,  0, 1, 0, 0,  0, 0, 1, 0,  3750.98999023, 464.493988037, -943.568969727, 1]
id: 1073
company: Village

object: building1
matrix: [1, 0, 0, 0,  0, 1, 0, 0,  0, 0, 1, 0,  3751.69995117, 464.278015137, -902.989013672, 1]
id: 1074
company: Village

object: building1
matrix: [1, 0, 0, 0,  0, 1, 0, 0,  0, 0, 1, 0,  3774.62011719, 466.598999023, -941.127990723, 1]
id: 1075
company: Village

object: building1
matrix: [1, 0, 0, 0,  0, 1, 0, 0,  0, 0, 1, 0,  3772, 466.095001221, -901.656982422, 1]
id: 1076
company: Village

object: building3
matrix: [1, 0, 0, 0,  0, 1, 0, 0,  0, 0, 1, 0,  3797.76000977, 468.165985107, -957.854003906, 1]
id: 1077
company: Village

object: building3
matrix: [1, 0, 0, 0,  0, 1, 0, 0,  0, 0, 1, 0,  3811.67993164, 469.789001465, -956.770996094, 1]
id: 1078
company: Village

object: building3
matrix: [1, 0, 0, 0,  0, 1, 0, 0,  0, 0, 1, 0,  3803.86010742, 469.345001221, -945.830993652, 1]
id: 1079
company: Village

object: fuelbarrel-group
matrix: [1, 0, 0, 0,  0, 1, 0, 0,  0, 0, 1, 0,  3789.38989258, 468.105987549, -982.226013184, 1]
id: 1080
company: Nature

object: fuelbarrel-group
matrix: [1, 0, 0, 0,  0, 1, 0, 0,  0, 0, 1, 0,  3786.55004883, 467.835998535, -984.934020996, 1]
id: 1081
company: Nature

object: fuelbarrel-group
matrix: [1, 0, 0, 0,  0, 1, 0, 0,  0, 0, 1, 0,  3789.51000977, 468.045013428, -986.543029785, 1]
id: 1082
company: Nature

object: tower
matrix: [1, 0, 0, 0,  0, 1, 0, 0,  0, 0, 1, 0,  2900.29003906, 834.622009277, 1893.90002441, 1]
id: 1083
company: Nature

object: tower
matrix: [1, 0, 0, 0,  0, 1, 0, 0,  0, 0, 1, 0,  293.04598999, 555.890991211, 2385.14990234, 1]
id: 1084
company: Nature

object: tower
matrix: [1, 0, 0, 0,  0, 1, 0, 0,  0, 0, 1, 0,  -770.143005371, 597.744995117, -125.693000793, 1]
id: 1085
company: Nature

object: tower
matrix: [1, 0, 0, 0,  0, 1, 0, 0,  0, 0, 1, 0,  535.30090332, 230.000808716, 433.808105469, 1]
id: 1086
company: Nature

object: turret
matrix: [1, 0, 0, 0,  0, 1, 0, 0,  0, 0, 1, 0,  508.447753906, 230.800949097, 413.740936279, 1]
id: 1087
company: Horny

object: tower
matrix: [1, 0, 0, 0,  0, 1, 0, 0,  0, 0, 1, 0,  483.214660645, 230.200958252, 388.463867188, 1]
id: 1088
company: Nature

object: tower
matrix: [1, 0, 0, 0,  0, 1, 0, 0,  0, 0, 1, 0,  537.34564209, 234.000915527, 388.33581543, 1]
id: 1089
company: Nature

object: tower
matrix: [1, 0, 0, 0,  0, 1, 0, 0,  0, 0, 1, 0,  486.830474854, 226.600860596, 430.912872314, 1]
id: 1090
company: Nature

object: turret
matrix: [1, 0, 0, 0,  0, 1, 0, 0,  0, 0, 1, 0,  -1485.890625, 610.800109863, 985.073059082, 1]
id: 1282
company: Punkrocker

object: turret
matrix: [1, 0, 0, 0,  0, 1, 0, 0,  0, 0, 1, 0,  -994.659423828, 581.000610352, 270.195037842, 1]
id: 1277
company: Punkrocker

object: turret
matrix: [1, 0, 0, 0,  0, 1, 0, 0,  0, 0, 1, 0,  -840.218200684, 578.600463867, -978.31427002, 1]
id: 1278
company: Punkrocker

object: turret
matrix: [1, 0, 0, 0,  0, 1, 0, 0,  0, 0, 1, 0,  -1666.69384766, 596.200561523, -1920.49768066, 1]
id: 1283
company: Punkrocker

object: turret
matrix: [1, 0, 0, 0,  0, 1, 0, 0,  0, 0, 1, 0,  -1582.34301758, 637.800109863, -682.328369141, 1]
id: 1279
company: Punkrocker

object: turret
matrix: [1, 0, 0, 0,  0, 1, 0, 0,  0, 0, 1, 0,  -1688.96459961, 687.800354004, -240.599807739, 1]
id: 1280
company: Punkrocker

object: turret
matrix: [1, 0, 0, 0,  0, 1, 0, 0,  0, 0, 1, 0,  -1810.66845703, 723.200317383, 407.693969727, 1]
id: 1281
company: Punkrocker

