object: ground-container
matrix: [-0.252826988697, -0.00197287998162, -0.96750998497, 0,  0.00502733979374, 0.999983012676, -0.00335282995366, 0,  0.967499017715, -0.00571171985939, -0.252811014652, 0,  3993.43994141, 514.668029785, 3168.2800293, 1]
id: 1284
company: Slick
waypoint1: [3080.95,488.383,3412.03]
waypoint2: [2296.09,491.524,3003.32]
waypoint3: [2191.74,381.018,2743.57]
waypoint4: [1794.3,356.148,2445.81]
waypoint5: [1090.53,390.491,2318.29]
waypoint6: [678.29,473.886,2649.19]
waypoint7: [40.1955,488.376,3618.22]
waypoint8: [-547.795,513.702,3619.13]

object: ground-container
matrix: [-0.4973770082, 0.0176528003067, -0.867354989052, 0,  -0.00781443994492, 0.999661982059, 0.0248266998678, 0,  0.867498993874, 0.0191261004657, -0.497070014477, 0,  4015.60009766, 516.176025391, 3154.72998047, 1]
id: 1285
company: Slick
waypoint1: [3080.95,488.383,3412.03]
waypoint2: [2296.09,491.524,3003.32]
waypoint3: [2191.74,381.018,2743.57]
waypoint4: [1794.3,356.148,2445.81]
waypoint5: [1090.53,390.491,2318.29]
waypoint6: [678.29,473.886,2649.19]
waypoint7: [40.1955,488.376,3618.22]
waypoint8: [-547.795,513.702,3619.13]

object: ground-container
matrix: [-0.4973770082, 0.0176528003067, -0.867354989052, 0,  -0.00781443994492, 0.999661982059, 0.0248266998678, 0,  0.867498993874, 0.0191261004657, -0.497070014477, 0,  4043.57006836, 517.229980469, 3138.45996094, 1]
id: 1286
company: Slick
waypoint1: [3080.95,488.383,3412.03]
waypoint2: [2296.09,491.524,3003.32]
waypoint3: [2191.74,381.018,2743.57]
waypoint4: [1794.3,356.148,2445.81]
waypoint5: [1090.53,390.491,2318.29]
waypoint6: [678.29,473.886,2649.19]
waypoint7: [40.1955,488.376,3618.22]
waypoint8: [-547.795,513.702,3619.13]

object: ground-vehicle
matrix: [-0.399430006742, 0.00399998994544, -0.916755974293, 0,  0.0195614993572, 0.999800980091, -0.00416054995731, 0,  0.91655600071, -0.01959490031, -0.399426996708, 0,  3971.62011719, 514.156982422, 3180.91992188, 1]
id: 1287
company: Slick
waypoint1: [3080.95,488.383,3412.03]
waypoint2: [2296.09,491.524,3003.32]
waypoint3: [2191.74,381.018,2743.57]
waypoint4: [1794.3,356.148,2445.81]
waypoint5: [1090.53,390.491,2318.29]
waypoint6: [678.29,473.886,2649.19]
waypoint7: [40.1955,488.376,3618.22]
waypoint8: [-547.795,513.702,3619.13]

